-13.4949        0.991175        0.638212
-100    0       0
-100    0       0
-100    0       0
-100    0       0
-100    0       0
-100    0       0
-100    0       0
-100    0       0
-100    0       0
-100    0       0
-100    0       0
-100    0       0
-100    0       0
-100    0       0
-100    0       0
-100    0       0
-100    0       0
-100    0       0
-100    0       0
-100    0       0
-100    0       0
-100    0       0
-100    0       0
-100    0       0
-100    0       0
-100    0       0
-100    0       0
-100    0       0
-100    0       0
-100    0       0
-100    0       0
-100    0       0
-100    0       0
-100    0       0
-100    0       0
-100    0       0
-30.4365        0.238249        0.357338
-5.14468        0.907347        0.382221
-0.0501099      0.924226        0.356669
0.553392        0.917835        0.493851
-0.326515       0.906933        0.682428
0.450447        0.929837        0.790656
-0.624018       0.944472        0.796213
-6.31132        0.939664        0.456912
-27.694 0.926013        0.287429
-8.37403        0.498945        0.339285
-0.363631       -0.229031       0.194019
1.02037 0.00589009      0.230298
3.71771 0.88304 0.758839
7.27979 0.963409        0.858539
9.50362 0.965599        0.880974
9.95922 0.963198        0.88337
8.27479 0.954746        0.858032
5.81852 0.95356 0.865108
3.65674 0.942014        0.837606
0.341121        0.928685        0.741503
-4.6145 0.906749        0.634501
-16.3503        0.960036        0.429538
-24.5721        0.927147        0.184244
-100    0       0
-30.1815        0.79313 0
-29.7974        0.768178        0.132591
-26.3936        0.923775        0.316064
-17.4029        0.967315        0.560991
-14.0218        0.969158        0.542564
-9.24884        0.972588        0.715923
-1.68602        0.966965        0.77384
2.20895 0.973456        0.875223
3.37101 0.969473        0.839671
3.63804 0.962097        0.860029
3.16364 0.965888        0.862191
0.258764        0.959691        0.815816
-4.44952        0.982023        0.725823
-5.93554        0.990354        0.846802
-8.79807        0.988833        0.768134
-15.4405        0.983925        0.464356
-100    0       0
-100    0       0
-100    0       0
-100    0       0
-10.7009        0.307208        0.124812
-7.5326 0.0689988       0.148635
-8.21133        -0.307765       0.119632
-9.02901        -0.512308       0.139742
-8.86189        -0.568664       0.0995388
-8.26338        -0.689027       0.134576
-6.49207        -0.745386       0.204824
-5.52776        -0.72438        0.151699
-6.47488        -0.634413       0.203384
-10.6477        -0.519421       0.165371
-28.4372        0.46711 0.0943618
-37.5191        0.481881        0
-17.8572        0.793896        0.138774
-2.48032        0.97018 0.595824
2.1022  0.972234        0.714215
3.9273  0.966155        0.871558
2.8477  0.966254        0.843069
-1.54774        0.972321        0.711428
-4.2417 0.992801        0.828088
-3.56413        0.994469        0.859426
-3.42416        0.994669        0.857089
-3.43863        0.993513        0.858925
-3.57448        0.993371        0.862987
-4.11574        0.993543        0.859704
-4.62735        0.992956        0.862094
-4.89156        0.990739        0.844077
-3.50322        0.987362        0.781955
0.315262        0.980628        0.84549
2.82708 0.981309        0.869213
3.85256 0.977763        0.869929
4.17644 0.978886        0.864871
4.08634 0.982134        0.865568
2.94843 0.980429        0.876625
-1.22386        0.978556        0.765668
-15.343 0.874283        0.439517
-26.514 -0.216065       0.113422
-23.6336        -0.214969       0.144141
-15.5584        0.819071        0.277295
-7.94374        0.972134        0.697978
-5.51965        0.988645        0.791554
-5.33746        0.993371        0.870312
-6.19279        0.994134        0.871075
-9.56758        0.986396        0.824699
-17.583 0.968273        0.504105
-8.36515        0.633817        0.380644
-5.86515        0.555122        0.215198
-7.75784        0.523375        0.25705
-11.2276        0.690919        0.169379
-13.8921        0.756609        0.154811
-15.2231        0.818559        0.145948
-4.77481        0.972381        0.661121
-0.267002       0.948218        0.726765
1.4677  0.93334 0.766538
0.924987        0.940066        0.846196
-2.14734        0.958466        0.771432
-4.40563        0.992827        0.844077
-3.90663        0.994393        0.859669
-4.23893        0.994455        0.86276
-6.1557 0.993982        0.865078
-11.4675        0.978768        0.632218
-16.1244        0.624288        0.175351
-5.82838        0.0459189       0.194746
-2.43005        -0.0625387      0.125937
-3.59709        0.0123383       0.164919
-9.06875        0.343738        0.346662
-15.6594        0.29017 0.178243
-19.8904        0.665984        0.300993
-100    0       0
-100    0       0
-100    0       0
-100    0       0
-13.5648        0.828427        0.258141
-9.79891        0.849729        0.279733
-6.53011        0.902511        0.469193
-3.35839        0.934739        0.643919
-2.27067        0.94415 0.806142
-0.826001       0.939093        0.774195
1.60142 0.937901        0.790913
2.75052 0.936601        0.826844
2.21368 0.942911        0.819438
1.25219 0.948839        0.81778
0.430062        0.949934        0.823338
-0.133225       0.959034        0.806902
-0.210898       0.961895        0.829218
-0.945569       0.967199        0.833101
-1.77199        0.975099        0.82516
-2.73751        0.977839        0.831108
-3.84262        0.985082        0.833694
-4.89888        0.987079        0.830836
-6.52935        0.990641        0.837188
-7.52701        0.992149        0.771313
-7.26088        0.993213        0.849253
-7.15065        0.99308 0.835523
-7.1978 0.99372 0.84387
-7.55761        0.993259        0.842025
-8.06913        0.991991        0.82702
-8.94764        0.992533        0.826676
-10.9661        0.987223        0.839764
-13.6899        0.967828        0.756036
-18.1128        0.924663        0.561098
-19.3744        -0.672727       0.327138
-14.8645        -0.738352       0.164698
-13.9534        -0.732225       0.148265
-14.5348        -0.68712        0.173325
-13.946 -0.699645       0.209892
-14.8754        -0.68461        0.14618
-18.5815        -0.547554       0.127656
-22.6964        -0.472849       0.130109
-40.4143        0       0.496266
-100    0       0
-100    0       0
-100    0       0
-100    0       0
-100    0       0
-100    0       0
-100    0       0
-100    0       0